#
#
# US Geological Survey, Water Resources Data
# retrieved: 2014-04-16 04:32:35 EDT      (vaww02)
#
# This file contains USGS Surface-Water Monthly Statistics
#
# Note:The statistics generated from  this site are based on approved daily-mean data and may not match those published by the USGS in official publications.
# The user is responsible for assessment and use of statistics from this site.
# For more details on why the statistics may not match, visit http://waterdata.usgs.gov/ca/nwis/?dv_statistics_disclaimer.
#
# ** No Incomplete data have been used for statistical calculation
#
# This file includes the following columns:
#
#
# agency_cd    agency code
# site_no USGS site number
# parameter_cd
# dd_nu
# year_nu Calendar year for value
# month_nu     Month for value
# mean_va monthly-mean value.
#         if there is not complete record
#         for a month this field is blank
#
#
# Sites in this file include:
# USGS 11458000 NAPA R NR NAPA CA
# 
# Explanation of Parameter Code and dd_nu used in the Statistics Data 
# parameter_cd	Parameter Name					dd_nu	Location Name
# 00060		Discharge, cubic feet per second		2	
# 80155		Suspended sediment discharge, tons per day		5	
#
#
agency_cd	site_no	parameter_cd	dd_nu	year_nu	month_nu	mean_va
5s	15s	5s	3n	4s	2s	12n
USGS	11458000	00060	2	1959	10	0.710
USGS	11458000	00060	2	1959	11	1.38
USGS	11458000	00060	2	1959	12	3.12
USGS	11458000	00060	2	1960	1	37.5
USGS	11458000	00060	2	1960	2	740.9
USGS	11458000	00060	2	1960	3	323.8
USGS	11458000	00060	2	1960	4	70.8
USGS	11458000	00060	2	1960	5	27.8
USGS	11458000	00060	2	1960	6	5.18
USGS	11458000	00060	2	1960	7	0.197
USGS	11458000	00060	2	1960	8	0.000
USGS	11458000	00060	2	1960	9	0.000
USGS	11458000	00060	2	1960	10	0.000
USGS	11458000	00060	2	1960	11	4.38
USGS	11458000	00060	2	1960	12	49.9
USGS	11458000	00060	2	1961	1	112.8
USGS	11458000	00060	2	1961	2	260.8
USGS	11458000	00060	2	1961	3	159.8
USGS	11458000	00060	2	1961	4	61.6
USGS	11458000	00060	2	1961	5	23.5
USGS	11458000	00060	2	1961	6	3.38
USGS	11458000	00060	2	1961	7	0.000
USGS	11458000	00060	2	1961	8	0.000
USGS	11458000	00060	2	1961	9	0.000
USGS	11458000	00060	2	1961	10	0.000
USGS	11458000	00060	2	1961	11	3.52
USGS	11458000	00060	2	1961	12	76.7
USGS	11458000	00060	2	1962	1	63.7
USGS	11458000	00060	2	1962	2	1024
USGS	11458000	00060	2	1962	3	554.3
USGS	11458000	00060	2	1962	4	70.4
USGS	11458000	00060	2	1962	5	22.4
USGS	11458000	00060	2	1962	6	3.50
USGS	11458000	00060	2	1962	7	0.039
USGS	11458000	00060	2	1962	8	0.000
USGS	11458000	00060	2	1962	9	0.000
USGS	11458000	00060	2	1962	10	337.7
USGS	11458000	00060	2	1962	11	28.2
USGS	11458000	00060	2	1962	12	227.9
USGS	11458000	00060	2	1963	1	509.9
USGS	11458000	00060	2	1963	2	1077
USGS	11458000	00060	2	1963	3	371.4
USGS	11458000	00060	2	1963	4	867.6
USGS	11458000	00060	2	1963	5	112.1
USGS	11458000	00060	2	1963	6	28.5
USGS	11458000	00060	2	1963	7	5.20
USGS	11458000	00060	2	1963	8	1.71
USGS	11458000	00060	2	1963	9	1.61
USGS	11458000	00060	2	1963	10	7.31
USGS	11458000	00060	2	1963	11	103.0
USGS	11458000	00060	2	1963	12	34.4
USGS	11458000	00060	2	1964	1	262.9
USGS	11458000	00060	2	1964	2	61.7
USGS	11458000	00060	2	1964	3	34.0
USGS	11458000	00060	2	1964	4	18.5
USGS	11458000	00060	2	1964	5	5.20
USGS	11458000	00060	2	1964	6	2.50
USGS	11458000	00060	2	1964	7	0.381
USGS	11458000	00060	2	1964	8	0.000
USGS	11458000	00060	2	1964	9	0.060
USGS	11458000	00060	2	1964	10	0.648
USGS	11458000	00060	2	1964	11	59.3
USGS	11458000	00060	2	1964	12	979.9
USGS	11458000	00060	2	1965	1	1267
USGS	11458000	00060	2	1965	2	164.0
USGS	11458000	00060	2	1965	3	62.7
USGS	11458000	00060	2	1965	4	273.7
USGS	11458000	00060	2	1965	5	52.2
USGS	11458000	00060	2	1965	6	12.4
USGS	11458000	00060	2	1965	7	3.10
USGS	11458000	00060	2	1965	8	3.54
USGS	11458000	00060	2	1965	9	1.99
USGS	11458000	00060	2	1965	10	2.37
USGS	11458000	00060	2	1965	11	56.5
USGS	11458000	00060	2	1965	12	131.2
USGS	11458000	00060	2	1966	1	870.1
USGS	11458000	00060	2	1966	2	465.7
USGS	11458000	00060	2	1966	3	129.7
USGS	11458000	00060	2	1966	4	46.8
USGS	11458000	00060	2	1966	5	17.2
USGS	11458000	00060	2	1966	6	3.47
USGS	11458000	00060	2	1966	7	0.390
USGS	11458000	00060	2	1966	8	0.590
USGS	11458000	00060	2	1966	9	0.193
USGS	11458000	00060	2	1966	10	0.416
USGS	11458000	00060	2	1966	11	130.0
USGS	11458000	00060	2	1966	12	602.3
USGS	11458000	00060	2	1967	1	1643
USGS	11458000	00060	2	1967	2	417.5
USGS	11458000	00060	2	1967	3	532.2
USGS	11458000	00060	2	1967	4	709.9
USGS	11458000	00060	2	1967	5	120.0
USGS	11458000	00060	2	1967	6	55.6
USGS	11458000	00060	2	1967	7	18.2
USGS	11458000	00060	2	1967	8	4.45
USGS	11458000	00060	2	1967	9	3.14
USGS	11458000	00060	2	1967	10	4.85
USGS	11458000	00060	2	1967	11	7.44
USGS	11458000	00060	2	1967	12	53.3
USGS	11458000	00060	2	1968	1	425.3
USGS	11458000	00060	2	1968	2	618.1
USGS	11458000	00060	2	1968	3	444.4
USGS	11458000	00060	2	1968	4	97.3
USGS	11458000	00060	2	1968	5	27.1
USGS	11458000	00060	2	1968	6	6.26
USGS	11458000	00060	2	1968	7	2.53
USGS	11458000	00060	2	1968	8	2.68
USGS	11458000	00060	2	1968	9	1.06
USGS	11458000	00060	2	1968	10	3.65
USGS	11458000	00060	2	1968	11	9.94
USGS	11458000	00060	2	1968	12	320.1
USGS	11458000	00060	2	1969	1	1860
USGS	11458000	00060	2	1969	2	1637
USGS	11458000	00060	2	1969	3	525.4
USGS	11458000	00060	2	1969	4	121.6
USGS	11458000	00060	2	1969	5	42.2
USGS	11458000	00060	2	1969	6	16.6
USGS	11458000	00060	2	1969	7	6.44
USGS	11458000	00060	2	1969	8	3.55
USGS	11458000	00060	2	1969	9	0.697
USGS	11458000	00060	2	1969	10	5.60
USGS	11458000	00060	2	1969	11	8.19
USGS	11458000	00060	2	1969	12	509.3
USGS	11458000	00060	2	1970	1	2672
USGS	11458000	00060	2	1970	2	513.1
USGS	11458000	00060	2	1970	3	365.9
USGS	11458000	00060	2	1970	4	68.4
USGS	11458000	00060	2	1970	5	24.8
USGS	11458000	00060	2	1970	6	5.80
USGS	11458000	00060	2	1970	7	1.80
USGS	11458000	00060	2	1970	8	1.04
USGS	11458000	00060	2	1970	9	1.11
USGS	11458000	00060	2	1970	10	1.92
USGS	11458000	00060	2	1970	11	215.8
USGS	11458000	00060	2	1970	12	1218
USGS	11458000	00060	2	1971	1	457.1
USGS	11458000	00060	2	1971	2	121.7
USGS	11458000	00060	2	1971	3	233.7
USGS	11458000	00060	2	1971	4	106.1
USGS	11458000	00060	2	1971	5	37.5
USGS	11458000	00060	2	1971	6	13.6
USGS	11458000	00060	2	1971	7	4.49
USGS	11458000	00060	2	1971	8	2.21
USGS	11458000	00060	2	1971	9	2.97
USGS	11458000	00060	2	1971	10	3.08
USGS	11458000	00060	2	1971	11	8.08
USGS	11458000	00060	2	1971	12	87.5
USGS	11458000	00060	2	1972	1	83.7
USGS	11458000	00060	2	1972	2	152.9
USGS	11458000	00060	2	1972	3	56.3
USGS	11458000	00060	2	1972	4	35.5
USGS	11458000	00060	2	1972	5	13.5
USGS	11458000	00060	2	1972	6	2.45
USGS	11458000	00060	2	1972	7	0.191
USGS	11458000	00060	2	1972	8	0.000
USGS	11458000	00060	2	1972	9	0.569
USGS	11458000	00060	2	1972	10	7.10
USGS	11458000	00060	2	1972	11	131.3
USGS	11458000	00060	2	1972	12	156.0
USGS	11458000	00060	2	1973	1	1626
USGS	11458000	00060	2	1973	2	1247
USGS	11458000	00060	2	1973	3	577.7
USGS	11458000	00060	2	1973	4	111.9
USGS	11458000	00060	2	1973	5	39.2
USGS	11458000	00060	2	1973	6	9.56
USGS	11458000	00060	2	1973	7	2.22
USGS	11458000	00060	2	1973	8	1.58
USGS	11458000	00060	2	1973	9	2.63
USGS	11458000	00060	2	1973	10	3.79
USGS	11458000	00060	2	1973	11	615.5
USGS	11458000	00060	2	1973	12	520.2
USGS	11458000	00060	2	1974	1	983.4
USGS	11458000	00060	2	1974	2	301.2
USGS	11458000	00060	2	1974	3	1124
USGS	11458000	00060	2	1974	4	516.1
USGS	11458000	00060	2	1974	5	65.1
USGS	11458000	00060	2	1974	6	23.5
USGS	11458000	00060	2	1974	7	13.6
USGS	11458000	00060	2	1974	8	7.71
USGS	11458000	00060	2	1974	9	8.34
USGS	11458000	00060	2	1974	10	6.75
USGS	11458000	00060	2	1974	11	7.46
USGS	11458000	00060	2	1974	12	32.2
USGS	11458000	00060	2	1975	1	46.3
USGS	11458000	00060	2	1975	2	1024
USGS	11458000	00060	2	1975	3	987.8
USGS	11458000	00060	2	1975	4	208.5
USGS	11458000	00060	2	1975	5	58.1
USGS	11458000	00060	2	1975	6	19.9
USGS	11458000	00060	2	1975	7	9.13
USGS	11458000	00060	2	1975	8	4.98
USGS	11458000	00060	2	1975	9	6.67
USGS	11458000	00060	2	1975	10	10.3
USGS	11458000	00060	2	1975	11	13.7
USGS	11458000	00060	2	1975	12	11.1
USGS	11458000	00060	2	1976	1	10.6
USGS	11458000	00060	2	1976	2	6.50
USGS	11458000	00060	2	1976	3	20.2
USGS	11458000	00060	2	1976	4	14.9
USGS	11458000	00060	2	1976	5	2.45
USGS	11458000	00060	2	1976	6	0.106
USGS	11458000	00060	2	1976	7	0.003
USGS	11458000	00060	2	1976	8	0.048
USGS	11458000	00060	2	1976	9	0.174
USGS	11458000	00060	2	1976	10	0.565
USGS	11458000	00060	2	1976	11	1.19
USGS	11458000	00060	2	1976	12	0.730
USGS	11458000	00060	2	1977	1	2.91
USGS	11458000	00060	2	1977	2	0.425
USGS	11458000	00060	2	1977	3	2.60
USGS	11458000	00060	2	1977	4	0.198
USGS	11458000	00060	2	1977	5	0.000
USGS	11458000	00060	2	1977	6	0.000
USGS	11458000	00060	2	1977	7	0.000
USGS	11458000	00060	2	1977	8	0.000
USGS	11458000	00060	2	1977	9	0.000
USGS	11458000	00060	2	1977	10	0.000
USGS	11458000	00060	2	1977	11	75.2
USGS	11458000	00060	2	1977	12	233.7
USGS	11458000	00060	2	1978	1	1559
USGS	11458000	00060	2	1978	2	818.4
USGS	11458000	00060	2	1978	3	716.9
USGS	11458000	00060	2	1978	4	221.7
USGS	11458000	00060	2	1978	5	63.5
USGS	11458000	00060	2	1978	6	18.8
USGS	11458000	00060	2	1978	7	8.17
USGS	11458000	00060	2	1978	8	4.33
USGS	11458000	00060	2	1978	9	3.06
USGS	11458000	00060	2	1978	10	2.51
USGS	11458000	00060	2	1978	11	4.66
USGS	11458000	00060	2	1978	12	5.82
USGS	11458000	00060	2	1979	1	304.0
USGS	11458000	00060	2	1979	2	645.3
USGS	11458000	00060	2	1979	3	292.3
USGS	11458000	00060	2	1979	4	110.2
USGS	11458000	00060	2	1979	5	55.3
USGS	11458000	00060	2	1979	6	13.1
USGS	11458000	00060	2	1979	7	6.02
USGS	11458000	00060	2	1979	8	4.06
USGS	11458000	00060	2	1979	9	2.59
USGS	11458000	00060	2	1979	10	12.3
USGS	11458000	00060	2	1979	11	21.3
USGS	11458000	00060	2	1979	12	207.2
USGS	11458000	00060	2	1980	1	1175
USGS	11458000	00060	2	1980	2	1622
USGS	11458000	00060	2	1980	3	469.5
USGS	11458000	00060	2	1980	4	110.0
USGS	11458000	00060	2	1980	5	42.6
USGS	11458000	00060	2	1980	6	14.5
USGS	11458000	00060	2	1980	7	5.60
USGS	11458000	00060	2	1980	8	3.93
USGS	11458000	00060	2	1980	9	3.38
USGS	11458000	00060	2	1980	10	2.83
USGS	11458000	00060	2	1980	11	3.48
USGS	11458000	00060	2	1980	12	78.5
USGS	11458000	00060	2	1981	1	353.3
USGS	11458000	00060	2	1981	2	179.1
USGS	11458000	00060	2	1981	3	218.1
USGS	11458000	00060	2	1981	4	75.9
USGS	11458000	00060	2	1981	5	25.6
USGS	11458000	00060	2	1981	6	7.06
USGS	11458000	00060	2	1981	7	2.19
USGS	11458000	00060	2	1981	8	2.74
USGS	11458000	00060	2	1981	9	1.45
USGS	11458000	00060	2	1981	10	7.22
USGS	11458000	00060	2	1981	11	537.5
USGS	11458000	00060	2	1981	12	1318
USGS	11458000	00060	2	1982	1	1465
USGS	11458000	00060	2	1982	2	1020
USGS	11458000	00060	2	1982	3	808.4
USGS	11458000	00060	2	1982	4	1341
USGS	11458000	00060	2	1982	5	92.1
USGS	11458000	00060	2	1982	6	38.7
USGS	11458000	00060	2	1982	7	17.3
USGS	11458000	00060	2	1982	8	9.12
USGS	11458000	00060	2	1982	9	10.7
USGS	11458000	00060	2	1982	10	11.4
USGS	11458000	00060	2	1982	11	246.7
USGS	11458000	00060	2	1982	12	515.9
USGS	11458000	00060	2	1983	1	1204
USGS	11458000	00060	2	1983	2	1816
USGS	11458000	00060	2	1983	3	2598
USGS	11458000	00060	2	1983	4	383.6
USGS	11458000	00060	2	1983	5	226.4
USGS	11458000	00060	2	1983	6	52.1
USGS	11458000	00060	2	1983	7	19.4
USGS	11458000	00060	2	1983	8	9.43
USGS	11458000	00060	2	1983	9	7.55
USGS	11458000	00060	2	1983	10	11.7
USGS	11458000	00060	2	1983	11	507.4
USGS	11458000	00060	2	1983	12	1474
USGS	11458000	00060	2	1984	1	314.3
USGS	11458000	00060	2	1984	2	157.4
USGS	11458000	00060	2	1984	3	158.9
USGS	11458000	00060	2	1984	4	58.6
USGS	11458000	00060	2	1984	5	33.5
USGS	11458000	00060	2	1984	6	13.5
USGS	11458000	00060	2	1984	7	5.54
USGS	11458000	00060	2	1984	8	4.56
USGS	11458000	00060	2	1984	9	3.72
USGS	11458000	00060	2	1984	10	6.02
USGS	11458000	00060	2	1984	11	177.3
USGS	11458000	00060	2	1984	12	105.0
USGS	11458000	00060	2	1985	1	72.0
USGS	11458000	00060	2	1985	2	391.0
USGS	11458000	00060	2	1985	3	167.9
USGS	11458000	00060	2	1985	4	93.3
USGS	11458000	00060	2	1985	5	30.4
USGS	11458000	00060	2	1985	6	11.5
USGS	11458000	00060	2	1985	7	4.09
USGS	11458000	00060	2	1985	8	3.49
USGS	11458000	00060	2	1985	9	4.23
USGS	11458000	00060	2	1985	10	5.04
USGS	11458000	00060	2	1985	11	13.7
USGS	11458000	00060	2	1985	12	49.0
USGS	11458000	00060	2	1986	1	215.7
USGS	11458000	00060	2	1986	2	4089
USGS	11458000	00060	2	1986	3	1218
USGS	11458000	00060	2	1986	4	119.0
USGS	11458000	00060	2	1986	5	45.2
USGS	11458000	00060	2	1986	6	16.3
USGS	11458000	00060	2	1986	7	8.52
USGS	11458000	00060	2	1986	8	5.11
USGS	11458000	00060	2	1986	9	5.37
USGS	11458000	00060	2	1986	10	4.78
USGS	11458000	00060	2	1986	11	5.05
USGS	11458000	00060	2	1986	12	7.72
USGS	11458000	00060	2	1987	1	20.3
USGS	11458000	00060	2	1987	2	203.6
USGS	11458000	00060	2	1987	3	194.1
USGS	11458000	00060	2	1987	4	46.0
USGS	11458000	00060	2	1987	5	16.7
USGS	11458000	00060	2	1987	6	5.78
USGS	11458000	00060	2	1987	7	3.43
USGS	11458000	00060	2	1987	8	2.15
USGS	11458000	00060	2	1987	9	1.01
USGS	11458000	00060	2	1987	10	1.36
USGS	11458000	00060	2	1987	11	5.04
USGS	11458000	00060	2	1987	12	231.9
USGS	11458000	00060	2	1988	1	455.2
USGS	11458000	00060	2	1988	2	78.2
USGS	11458000	00060	2	1988	3	29.3
USGS	11458000	00060	2	1988	4	23.4
USGS	11458000	00060	2	1988	5	17.8
USGS	11458000	00060	2	1988	6	7.70
USGS	11458000	00060	2	1988	7	2.59
USGS	11458000	00060	2	1988	8	1.76
USGS	11458000	00060	2	1988	9	1.27
USGS	11458000	00060	2	1988	10	1.06
USGS	11458000	00060	2	1988	11	26.8
USGS	11458000	00060	2	1988	12	47.8
USGS	11458000	00060	2	1989	1	35.5
USGS	11458000	00060	2	1989	2	16.5
USGS	11458000	00060	2	1989	3	522.7
USGS	11458000	00060	2	1989	4	88.4
USGS	11458000	00060	2	1989	5	26.1
USGS	11458000	00060	2	1989	6	9.98
USGS	11458000	00060	2	1989	7	4.21
USGS	11458000	00060	2	1989	8	1.45
USGS	11458000	00060	2	1989	9	1.55
USGS	11458000	00060	2	1989	10	6.91
USGS	11458000	00060	2	1989	11	11.7
USGS	11458000	00060	2	1989	12	7.88
USGS	11458000	00060	2	1990	1	108.5
USGS	11458000	00060	2	1990	2	163.7
USGS	11458000	00060	2	1990	3	64.3
USGS	11458000	00060	2	1990	4	21.0
USGS	11458000	00060	2	1990	5	39.8
USGS	11458000	00060	2	1990	6	19.3
USGS	11458000	00060	2	1990	7	2.65
USGS	11458000	00060	2	1990	8	1.46
USGS	11458000	00060	2	1990	9	0.832
USGS	11458000	00060	2	1990	10	0.912
USGS	11458000	00060	2	1990	11	1.10
USGS	11458000	00060	2	1990	12	2.57
USGS	11458000	00060	2	1991	1	2.17
USGS	11458000	00060	2	1991	2	10.3
USGS	11458000	00060	2	1991	3	901.5
USGS	11458000	00060	2	1991	4	108.3
USGS	11458000	00060	2	1991	5	32.0
USGS	11458000	00060	2	1991	6	9.20
USGS	11458000	00060	2	1991	7	3.69
USGS	11458000	00060	2	1991	8	1.57
USGS	11458000	00060	2	1991	9	1.42
USGS	11458000	00060	2	1991	10	1.08
USGS	11458000	00060	2	1991	11	1.46
USGS	11458000	00060	2	1991	12	5.33
USGS	11458000	00060	2	1992	1	17.3
USGS	11458000	00060	2	1992	2	448.4
USGS	11458000	00060	2	1992	3	347.9
USGS	11458000	00060	2	1992	4	74.8
USGS	11458000	00060	2	1992	5	25.1
USGS	11458000	00060	2	1992	6	7.47
USGS	11458000	00060	2	1992	7	3.61
USGS	11458000	00060	2	1992	8	1.55
USGS	11458000	00060	2	1992	9	0.399
USGS	11458000	00060	2	1992	10	2.27
USGS	11458000	00060	2	1992	11	3.91
USGS	11458000	00060	2	1992	12	230.5
USGS	11458000	00060	2	1993	1	1711
USGS	11458000	00060	2	1993	2	1031
USGS	11458000	00060	2	1993	3	292.4
USGS	11458000	00060	2	1993	4	105.0
USGS	11458000	00060	2	1993	5	51.3
USGS	11458000	00060	2	1993	6	29.4
USGS	11458000	00060	2	1993	7	5.32
USGS	11458000	00060	2	1993	8	2.97
USGS	11458000	00060	2	1993	9	2.33
USGS	11458000	00060	2	1993	10	1.69
USGS	11458000	00060	2	1993	11	5.93
USGS	11458000	00060	2	1993	12	67.9
USGS	11458000	00060	2	1994	1	55.7
USGS	11458000	00060	2	1994	2	271.4
USGS	11458000	00060	2	1994	3	51.6
USGS	11458000	00060	2	1994	4	28.5
USGS	11458000	00060	2	1994	5	20.6
USGS	11458000	00060	2	1994	6	7.73
USGS	11458000	00060	2	1994	7	1.94
USGS	11458000	00060	2	1994	8	0.337
USGS	11458000	00060	2	1994	9	0.511
USGS	11458000	00060	2	1994	10	0.976
USGS	11458000	00060	2	1994	11	15.6
USGS	11458000	00060	2	1994	12	76.0
USGS	11458000	00060	2	1995	1	3083
USGS	11458000	00060	2	1995	2	347.9
USGS	11458000	00060	2	1995	3	2530
USGS	11458000	00060	2	1995	4	227.2
USGS	11458000	00060	2	1995	5	165.9
USGS	11458000	00060	2	1995	6	40.1
USGS	11458000	00060	2	1995	7	13.5
USGS	11458000	00060	2	1995	8	2.84
USGS	11458000	00060	2	1995	9	2.05
USGS	11458000	00060	2	1995	10	1.92
USGS	11458000	00060	2	1995	11	2.61
USGS	11458000	00060	2	1995	12	229.2
USGS	11458000	00060	2	1996	1	695.9
USGS	11458000	00060	2	1996	2	1335
USGS	11458000	00060	2	1996	3	516.4
USGS	11458000	00060	2	1996	4	210.7
USGS	11458000	00060	2	1996	5	110.9
USGS	11458000	00060	2	1996	6	42.8
USGS	11458000	00060	2	1996	7	14.0
USGS	11458000	00060	2	1996	8	5.49
USGS	11458000	00060	2	1996	9	2.84
USGS	11458000	00060	2	1996	10	2.54
USGS	11458000	00060	2	1996	11	35.4
USGS	11458000	00060	2	1996	12	749.8
USGS	11458000	00060	2	1997	1	2481
USGS	11458000	00060	2	1997	2	336.3
USGS	11458000	00060	2	1997	3	97.8
USGS	11458000	00060	2	1997	4	41.0
USGS	11458000	00060	2	1997	5	20.8
USGS	11458000	00060	2	1997	6	5.96
USGS	11458000	00060	2	1997	7	1.02
USGS	11458000	00060	2	1997	8	0.244
USGS	11458000	00060	2	1997	9	0.201
USGS	11458000	00060	2	1997	10	0.552
USGS	11458000	00060	2	1997	11	43.0
USGS	11458000	00060	2	1997	12	143.8
USGS	11458000	00060	2	1998	1	862.2
USGS	11458000	00060	2	1998	2	3408
USGS	11458000	00060	2	1998	3	339.7
USGS	11458000	00060	2	1998	4	273.6
USGS	11458000	00060	2	1998	5	148.7
USGS	11458000	00060	2	1998	6	100.5
USGS	11458000	00060	2	1998	7	23.9
USGS	11458000	00060	2	1998	8	5.46
USGS	11458000	00060	2	1998	9	3.05
USGS	11458000	00060	2	1998	10	2.82
USGS	11458000	00060	2	1998	11	54.2
USGS	11458000	00060	2	1998	12	130.7
USGS	11458000	00060	2	1999	1	122.4
USGS	11458000	00060	2	1999	2	1276
USGS	11458000	00060	2	1999	3	517.6
USGS	11458000	00060	2	1999	4	354.1
USGS	11458000	00060	2	1999	5	72.2
USGS	11458000	00060	2	1999	6	26.3
USGS	11458000	00060	2	1999	7	5.78
USGS	11458000	00060	2	1999	8	2.73
USGS	11458000	00060	2	1999	9	0.831
USGS	11458000	00060	2	1999	10	1.23
USGS	11458000	00060	2	1999	11	6.68
USGS	11458000	00060	2	1999	12	7.77
USGS	11458000	00060	2	2000	1	104.1
USGS	11458000	00060	2	2000	2	1034
USGS	11458000	00060	2	2000	3	592.9
USGS	11458000	00060	2	2000	4	85.1
USGS	11458000	00060	2	2000	5	40.1
USGS	11458000	00060	2	2000	6	11.0
USGS	11458000	00060	2	2000	7	2.64
USGS	11458000	00060	2	2000	8	0.324
USGS	11458000	00060	2	2000	9	0.057
USGS	11458000	00060	2	2000	10	2.30
USGS	11458000	00060	2	2000	11	4.60
USGS	11458000	00060	2	2000	12	6.94
USGS	11458000	00060	2	2001	1	71.5
USGS	11458000	00060	2	2001	2	442.4
USGS	11458000	00060	2	2001	3	305.3
USGS	11458000	00060	2	2001	4	38.9
USGS	11458000	00060	2	2001	5	18.4
USGS	11458000	00060	2	2001	6	4.29
USGS	11458000	00060	2	2001	7	0.719
USGS	11458000	00060	2	2001	8	0.040
USGS	11458000	00060	2	2001	9	0.000
USGS	11458000	00060	2	2001	10	0.000
USGS	11458000	00060	2	2001	11	65.6
USGS	11458000	00060	2	2001	12	964.0
USGS	11458000	00060	2	2002	1	814.7
USGS	11458000	00060	2	2002	2	159.2
USGS	11458000	00060	2	2002	3	212.0
USGS	11458000	00060	2	2002	4	65.1
USGS	11458000	00060	2	2002	5	26.6
USGS	11458000	00060	2	2002	6	9.40
USGS	11458000	00060	2	2002	7	1.76
USGS	11458000	00060	2	2002	8	0.000
USGS	11458000	00060	2	2002	9	0.000
USGS	11458000	00060	2	2002	10	0.000
USGS	11458000	00060	2	2002	11	4.71
USGS	11458000	00060	2	2002	12	1613
USGS	11458000	00060	2	2003	1	659.6
USGS	11458000	00060	2	2003	2	292.7
USGS	11458000	00060	2	2003	3	252.1
USGS	11458000	00060	2	2003	4	249.7
USGS	11458000	00060	2	2003	5	278.8
USGS	11458000	00060	2	2003	6	33.5
USGS	11458000	00060	2	2003	7	7.45
USGS	11458000	00060	2	2003	8	1.77
USGS	11458000	00060	2	2003	9	0.133
USGS	11458000	00060	2	2003	10	0.000
USGS	11458000	00060	2	2003	11	3.62
USGS	11458000	00060	2	2003	12	576.7
USGS	11458000	00060	2	2004	1	474.8
USGS	11458000	00060	2	2004	2	1401
USGS	11458000	00060	2	2004	3	260.3
USGS	11458000	00060	2	2004	4	52.2
USGS	11458000	00060	2	2004	5	24.5
USGS	11458000	00060	2	2004	6	8.91
USGS	11458000	00060	2	2004	7	2.28
USGS	11458000	00060	2	2004	8	0.243
USGS	11458000	00060	2	2004	9	0.034
USGS	11458000	00060	2	2004	10	3.66
USGS	11458000	00060	2	2004	11	8.49
USGS	11458000	00060	2	2004	12	519.8
USGS	11458000	00060	2	2005	1	721.3
USGS	11458000	00060	2	2005	2	398.6
USGS	11458000	00060	2	2005	3	697.4
USGS	11458000	00060	2	2005	4	278.4
USGS	11458000	00060	2	2005	5	265.8
USGS	11458000	00060	2	2005	6	62.5
USGS	11458000	00060	2	2005	7	16.2
USGS	11458000	00060	2	2005	8	4.18
USGS	11458000	00060	2	2005	9	1.14
USGS	11458000	00060	2	2005	10	0.019
USGS	11458000	00060	2	2005	11	3.17
USGS	11458000	00060	2	2005	12	1407
USGS	11458000	00060	2	2006	1	1272
USGS	11458000	00060	2	2006	2	544.9
USGS	11458000	00060	2	2006	3	1394
USGS	11458000	00060	2	2006	4	1205
USGS	11458000	00060	2	2006	5	118.6
USGS	11458000	00060	2	2006	6	36.1
USGS	11458000	00060	2	2006	7	11.5
USGS	11458000	00060	2	2006	8	2.80
USGS	11458000	00060	2	2006	9	0.629
USGS	11458000	00060	2	2006	10	0.434
USGS	11458000	00060	2	2006	11	4.14
USGS	11458000	00060	2	2006	12	61.0
USGS	11458000	00060	2	2007	1	27.4
USGS	11458000	00060	2	2007	2	311.2
USGS	11458000	00060	2	2007	3	101.7
USGS	11458000	00060	2	2007	4	29.7
USGS	11458000	00060	2	2007	5	18.7
USGS	11458000	00060	2	2007	6	10.1
USGS	11458000	00060	2	2007	7	1.49
USGS	11458000	00060	2	2007	8	0.186
USGS	11458000	00060	2	2007	9	0.022
USGS	11458000	00060	2	2007	10	0.014
USGS	11458000	00060	2	2007	11	0.012
USGS	11458000	00060	2	2007	12	19.0
USGS	11458000	00060	2	2008	1	673.5
USGS	11458000	00060	2	2008	2	519.3
USGS	11458000	00060	2	2008	3	104.0
USGS	11458000	00060	2	2008	4	31.1
USGS	11458000	00060	2	2008	5	16.2
USGS	11458000	00060	2	2008	6	4.62
USGS	11458000	00060	2	2008	7	0.722
USGS	11458000	00060	2	2008	8	0.054
USGS	11458000	00060	2	2008	9	0.004
USGS	11458000	00060	2	2008	10	0.000
USGS	11458000	00060	2	2008	11	0.819
USGS	11458000	00060	2	2008	12	10.7
USGS	11458000	00060	2	2009	1	5.55
USGS	11458000	00060	2	2009	2	617.8
USGS	11458000	00060	2	2009	3	341.7
USGS	11458000	00060	2	2009	4	38.4
USGS	11458000	00060	2	2009	5	42.1
USGS	11458000	00060	2	2009	6	10.6
USGS	11458000	00060	2	2009	7	1.75
USGS	11458000	00060	2	2009	8	0.120
USGS	11458000	00060	2	2009	9	0.000
USGS	11458000	00060	2	2009	10	3.50
USGS	11458000	00060	2	2009	11	0.755
USGS	11458000	00060	2	2009	12	10.0
USGS	11458000	00060	2	2010	1	678.2
USGS	11458000	00060	2	2010	2	431.8
USGS	11458000	00060	2	2010	3	419.5
USGS	11458000	00060	2	2010	4	451.3
USGS	11458000	00060	2	2010	5	86.2
USGS	11458000	00060	2	2010	6	30.7
USGS	11458000	00060	2	2010	7	9.65
USGS	11458000	00060	2	2010	8	3.33
USGS	11458000	00060	2	2010	9	0.261
USGS	11458000	00060	2	2010	10	12.3
USGS	11458000	00060	2	2010	11	21.6
USGS	11458000	00060	2	2010	12	538.2
USGS	11458000	00060	2	2011	1	278.4
USGS	11458000	00060	2	2011	2	641.7
USGS	11458000	00060	2	2011	3	1733
USGS	11458000	00060	2	2011	4	236.1
USGS	11458000	00060	2	2011	5	69.2
USGS	11458000	00060	2	2011	6	61.0
USGS	11458000	00060	2	2011	7	16.2
USGS	11458000	00060	2	2011	8	5.35
USGS	11458000	00060	2	2011	9	2.14
USGS	11458000	00060	2	2011	10	3.90
USGS	11458000	00060	2	2011	11	5.33
USGS	11458000	00060	2	2011	12	5.17
USGS	11458000	00060	2	2012	1	98.4
USGS	11458000	00060	2	2012	2	21.7
USGS	11458000	00060	2	2012	3	621.0
USGS	11458000	00060	2	2012	4	310.1
USGS	11458000	00060	2	2012	5	52.1
USGS	11458000	00060	2	2012	6	15.1
USGS	11458000	00060	2	2012	7	4.70
USGS	11458000	00060	2	2012	8	0.382
USGS	11458000	00060	2	2012	9	0.000
USGS	11458000	00060	2	2012	10	0.000
USGS	11458000	00060	2	2012	11	146.3
USGS	11458000	00060	2	2012	12	1358
USGS	11458000	00060	2	2013	1	248.3
USGS	11458000	00060	2	2013	2	61.3
USGS	11458000	00060	2	2013	3	37.7
USGS	11458000	00060	2	2013	4	27.3
USGS	11458000	00060	2	2013	5	10.2
USGS	11458000	00060	2	2013	6	4.44
USGS	11458000	00060	2	2013	7	0.234
USGS	11458000	00060	2	2013	8	0.000
USGS	11458000	00060	2	2013	9	0.000
USGS	11458000	80155	5	1976	10	0.003
USGS	11458000	80155	5	1976	11	0.002
USGS	11458000	80155	5	1976	12	0.001
USGS	11458000	80155	5	1977	1	0.099
USGS	11458000	80155	5	1977	2	0.006
USGS	11458000	80155	5	1977	3	0.113
USGS	11458000	80155	5	1977	4	0.003
USGS	11458000	80155	5	1977	5	0.000
USGS	11458000	80155	5	1977	6	0.000
USGS	11458000	80155	5	1977	7	0.000
USGS	11458000	80155	5	1977	8	0.000
USGS	11458000	80155	5	1977	9	0.000
USGS	11458000	80155	5	1977	10	0.000
USGS	11458000	80155	5	1977	11	344.1
USGS	11458000	80155	5	1977	12	365.5
USGS	11458000	80155	5	1978	1	4536
USGS	11458000	80155	5	1978	2	791.2
USGS	11458000	80155	5	1978	3	597.6
USGS	11458000	80155	5	1978	4	25.1
USGS	11458000	80155	5	1978	5	1.04
USGS	11458000	80155	5	1978	6	0.190
USGS	11458000	80155	5	1978	7	0.067
USGS	11458000	80155	5	1978	8	0.035
USGS	11458000	80155	5	1978	9	0.029

